"data","otw","min","max","zamkniecie","zmiana","obroty mln"
"2010-01-04","0,62","0,58","0,68","0,58","+0,00","0,05"
"2010-01-05","0,58","0,58","0,61","0,60","+3,45","0,04"
"2010-01-06","0,60","0,58","0,61","0,61","+1,67","0,05"
"2010-01-07","0,61","0,59","0,61","0,60","-1,64","0,00"
"2010-01-08","0,60","0,59","0,64","0,63","+5,00","0,09"
"2010-01-11","0,63","0,60","0,66","0,65","+3,17","0,10"
"2010-01-12","0,63","0,61","0,64","0,64","-1,54","0,08"
"2010-01-13","0,63","0,63","0,75","0,73","+14,06","0,89"
"2010-01-14","0,73","0,67","0,83","0,80","+9,59","0,86"
"2010-01-15","0,82","0,77","0,83","0,80","+0,00","0,26"
"2010-01-18","0,80","0,79","0,87","0,87","+8,75","0,32"
"2010-01-19","0,88","0,83","1,05","1,01","+16,09","1,07"
"2010-01-20","1,02","0,98","1,12","1,05","+3,96","1,00"
"2010-01-21","1,09","0,90","1,09","0,93","-11,43","0,52"
"2010-01-22","0,93","0,80","0,98","0,93","+0,00","0,19"
"2010-01-25","0,92","0,91","1,00","1,00","+7,53","0,17"
"2010-01-26","1,03","0,94","1,03","1,00","+0,00","0,07"
"2010-01-27","0,99","0,91","0,99","0,94","-6,00","0,10"
"2010-01-28","0,95","0,91","0,95","0,92","-2,13","0,01"
"2010-01-29","0,94","0,92","0,96","0,93","+1,09","0,05"
"2010-02-01","0,91","0,88","0,99","0,92","-1,08","0,08"
"2010-02-02","0,90","0,89","0,92","0,92","+0,00","0,02"
"2010-02-03","0,94","0,91","0,95","0,92","+0,00","0,06"
"2010-02-04","0,92","0,90","1,01","0,98","+6,52","0,21"
"2010-02-05","0,91","0,91","1,00","1,00","+2,04","0,10"
"2010-02-08","1,00","0,95","1,01","0,97","-3,00","0,12"
"2010-02-09","0,97","0,91","0,99","0,96","-1,03","0,01"
"2010-02-10","0,96","0,91","0,99","0,95","-1,04","0,08"
"2010-02-11","0,94","0,89","0,97","0,93","-2,11","0,13"
"2010-02-12","0,92","0,92","0,96","0,95","+2,15","0,07"
"2010-02-15","0,93","0,90","0,93","0,91","-4,21","0,02"
"2010-02-16","0,91","0,83","0,93","0,90","-1,10","0,08"
"2010-02-17","0,89","0,86","0,89","0,89","-1,11","0,02"
"2010-02-18","0,89","0,89","0,95","0,92","+3,37","0,12"
"2010-02-19","0,89","0,86","0,92","0,89","-3,26","0,07"
"2010-02-22","0,90","0,88","0,93","0,92","+0,00","0,08"
"2010-02-23","0,92","0,92","0,98","0,92","+0,00","0,18"
"2010-02-24","0,92","0,90","0,96","0,93","+1,09","0,04"
"2010-02-25","0,96","0,92","0,96","0,94","+1,08","0,06"
"2010-02-26","0,94","0,91","0,97","0,97","+3,19","0,07"
"2010-03-01","0,98","0,94","1,09","1,04","+7,22","0,39"
"2010-03-02","1,05","1,03","1,13","1,10","+5,77","0,36"
"2010-03-03","1,10","1,08","1,14","1,14","+3,64","0,22"
"2010-03-04","1,14","1,07","1,27","1,18","+3,51","1,12"
"2010-03-05","1,20","1,17","1,23","1,23","+4,24","0,30"
"2010-03-08","1,23","1,16","1,23","1,20","-2,44","0,20"
"2010-03-09","1,20","1,16","1,23","1,23","+2,50","0,09"
"2010-03-10","1,22","1,20","1,39","1,36","+10,57","1,04"
"2010-03-11","1,36","1,26","1,41","1,32","-2,94","0,65"
"2010-03-12","1,38","1,18","1,38","1,23","-6,82","0,38"
"2010-03-15","1,23","1,14","1,23","1,20","-2,44","0,38"
"2010-03-16","1,21","1,17","1,21","1,18","-1,67","0,36"
"2010-03-17","1,19","1,13","1,19","1,17","-0,85","0,26"
"2010-03-18","1,16","0,81","1,16","0,94","-19,66","3,24"
"2010-03-19","0,92","0,81","0,93","0,93","-1,06","0,51"
"2010-03-22","0,91","0,91","0,97","0,93","+0,00","0,21"
"2010-03-23","0,94","0,94","1,04","1,04","+11,83","0,31"
"2010-03-24","1,03","1,00","1,08","1,00","-3,85","0,42"
"2010-03-25","1,06","1,00","1,18","1,15","+15,00","0,79"
"2010-03-26","1,19","1,10","1,21","1,10","-4,35","0,45"
"2010-03-29","1,14","1,11","1,20","1,12","+1,82","0,69"
"2010-03-30","1,08","0,99","1,12","1,06","-5,36","0,81"
"2010-03-31","1,09","1,00","1,10","1,03","-2,83","0,49"
"2010-04-01","1,04","0,95","1,04","0,96","-6,80","0,27"
"2010-04-06","0,96","0,81","0,96","0,88","-8,33","1,47"
"2010-04-07","0,89","0,84","0,89","0,86","-2,27","0,21"
"2010-04-08","0,88","0,86","0,88","0,87","+1,16","0,14"
"2010-04-09","0,87","0,83","0,87","0,85","-2,30","0,29"
"2010-04-12","0,85","0,77","0,85","0,79","+0,00","0,41"
"2010-04-13","0,80","0,74","0,82","0,78","-1,27","0,42"
"2010-04-14","0,78","0,75","0,82","0,81","+3,85","0,20"
"2010-04-15","0,82","0,80","0,84","0,81","+0,00","0,23"
"2010-04-16","0,81","0,79","0,83","0,81","+0,00","0,09"
"2010-04-19","0,81","0,77","0,81","0,80","-1,23","0,24"
"2010-04-20","0,80","0,77","0,80","0,80","+0,00","0,12"
"2010-04-21","0,80","0,77","0,80","0,79","-1,25","0,09"
"2010-04-22","0,77","0,76","0,80","0,77","-2,53","0,06"
"2010-04-23","0,77","0,77","0,79","0,79","+2,60","0,05"
"2010-04-26","0,78","0,73","0,79","0,79","+0,00","0,21"
"2010-04-27","0,76","0,76","0,79","0,79","+0,00","0,16"
"2010-04-28","0,77","0,76","0,77","0,77","-2,53","0,05"
"2010-04-29","0,77","0,75","0,78","0,77","+0,00","0,05"
"2010-04-30","0,78","0,71","0,78","0,75","-2,60","0,14"
"2010-05-04","0,75","0,72","0,75","0,74","-1,33","0,06"
"2010-05-05","0,72","0,66","0,73","0,68","-8,11","0,23"
"2010-05-06","0,65","0,65","0,71","0,71","+4,41","0,07"
"2010-05-07","0,66","0,65","0,69","0,67","-5,63","0,07"
"2010-05-10","0,67","0,67","0,71","0,71","+5,97","0,10"
"2010-05-11","0,70","0,68","0,70","0,70","-1,41","0,02"
"2010-05-12","0,69","0,68","0,73","0,73","+4,29","0,09"
"2010-05-13","0,73","0,72","0,76","0,72","-1,37","0,13"
"2010-05-14","0,74","0,71","0,74","0,71","-1,39","0,08"
"2010-05-17","0,70","0,70","0,71","0,71","+0,00","0,04"
"2010-05-18","0,70","0,69","0,73","0,73","+2,82","0,01"
"2010-05-19","0,72","0,68","0,72","0,69","-5,48","0,03"
"2010-05-20","0,69","0,65","0,69","0,65","-5,80","0,01"
"2010-05-21","0,64","0,60","0,66","0,60","-7,69","0,13"
"2010-05-24","0,62","0,61","0,62","0,61","+1,67","0,03"
"2010-05-25","0,61","0,60","0,61","0,60","-1,64","0,02"
"2010-05-26","0,62","0,60","0,63","0,63","+5,00","0,01"
"2010-05-27","0,63","0,62","0,64","0,64","+1,59","0,01"
"2010-05-28","0,64","0,64","0,65","0,64","+0,00","0,03"
"2010-05-31","0,65","0,63","0,65","0,63","+0,00","0,00"
"2010-06-01","0,61","0,60","0,64","0,64","+1,59","0,04"
"2010-06-02","0,63","0,62","0,63","0,62","-3,13","0,00"
"2010-06-04","0,62","0,62","0,63","0,63","+1,61","0,01"
"2010-06-07","0,58","0,58","0,61","0,60","-4,76","0,01"
"2010-06-08","0,58","0,55","0,59","0,58","-3,33","0,08"
"2010-06-09","0,58","0,56","0,59","0,59","+1,72","0,01"
"2010-06-10","0,58","0,58","0,59","0,59","+0,00","0,01"
"2010-06-11","0,59","0,58","0,59","0,58","-1,69","0,02"
"2010-06-14","0,56","0,56","0,60","0,60","+3,45","0,05"
"2010-06-15","0,59","0,58","0,59","0,58","-3,33","0,00"
"2010-06-16","0,58","0,58","0,58","0,58","+0,00","0,01"
"2010-06-17","0,59","0,59","0,60","0,60","+3,45","0,01"
"2010-06-18","0,57","0,57","0,59","0,59","-1,67","0,01"
"2010-06-21","0,58","0,58","0,60","0,60","+1,69","0,02"
"2010-06-22","0,59","0,59","0,60","0,59","-1,67","0,01"
"2010-06-23","0,56","0,56","0,59","0,59","+0,00","0,06"
"2010-06-24","0,58","0,58","0,61","0,61","+3,39","0,05"
"2010-06-25","0,62","0,60","0,62","0,61","+0,00","0,03"
"2010-06-28","0,62","0,58","0,62","0,60","-1,64","0,02"
"2010-06-29","0,58","0,57","0,60","0,57","-5,00","0,02"
"2010-06-30","0,57","0,57","0,60","0,60","+5,26","0,01"
"2010-07-01","0,60","0,60","0,66","0,66","+10,00","0,08"
"2010-07-02","0,67","0,60","0,67","0,61","-7,58","0,08"
"2010-07-05","0,61","0,61","0,65","0,65","+6,56","0,01"
"2010-07-06","0,65","0,64","0,66","0,66","+1,54","0,02"
"2010-07-07","0,66","0,65","0,69","0,67","+1,52","0,06"
"2010-07-08","0,70","0,68","0,72","0,68","+1,49","0,21"
"2010-07-09","0,70","0,69","0,73","0,72","+5,88","0,08"
"2010-07-12","0,72","0,68","0,72","0,68","-5,56","0,06"
"2010-07-13","0,70","0,69","0,71","0,71","+4,41","0,05"
"2010-07-14","0,71","0,70","0,71","0,71","+0,00","0,03"
"2010-07-15","0,71","0,69","0,72","0,71","+0,00","0,08"
"2010-07-16","0,70","0,70","0,72","0,71","+0,00","0,05"
"2010-07-19","0,74","0,73","0,88","0,88","+23,94","0,60"
"2010-07-20","0,96","0,80","0,96","0,87","+0,00","0,74"
"2010-07-21","0,90","0,87","0,91","0,88","+1,15","0,27"
"2010-07-22","0,89","0,86","1,09","1,09","+23,86","1,65"
"2010-07-23","1,03","0,99","1,07","0,99","-9,17","0,95"
"2010-07-26","1,02","0,98","1,05","0,99","+0,00","0,38"
"2010-07-27","1,03","0,93","1,03","0,95","-4,04","0,11"
"2010-07-28","0,96","0,91","0,97","0,93","-2,11","0,10"
"2010-07-29","0,94","0,87","0,97","0,90","-3,23","0,26"
"2010-07-30","0,93","0,87","0,93","0,90","+0,00","0,25"
"2010-08-02","0,91","0,87","0,91","0,90","+0,00","0,17"
"2010-08-03","0,89","0,87","0,90","0,88","-2,22","0,06"
"2010-08-04","0,88","0,83","0,88","0,83","-5,68","0,31"
"2010-08-05","0,83","0,83","0,85","0,83","+0,00","0,05"
"2010-08-06","0,85","0,83","1,00","0,94","+13,25","0,80"
"2010-08-09","0,97","0,97","1,05","0,99","+5,32","0,99"
"2010-08-10","1,03","0,95","1,03","0,98","-1,01","0,27"
"2010-08-11","0,99","0,95","0,99","0,95","-3,06","0,07"
"2010-08-12","0,94","0,88","0,94","0,93","-2,11","0,13"
"2010-08-13","0,93","0,87","0,96","0,95","+2,15","0,11"
"2010-08-16","0,95","0,91","0,97","0,94","-1,05","0,10"
"2010-08-17","0,94","0,86","0,94","0,94","+0,00","0,43"
"2010-08-18","0,96","0,93","1,00","0,93","-1,06","0,22"
"2010-08-19","0,95","0,93","0,99","0,93","+0,00","0,25"
"2010-08-20","0,96","0,91","0,96","0,93","+0,00","0,10"
"2010-08-23","0,95","0,94","1,04","1,02","+9,68","0,74"
"2010-08-24","1,02","0,96","1,04","0,96","-5,88","0,31"
"2010-08-25","0,97","0,94","0,97","0,94","-2,08","0,17"
"2010-08-26","0,95","0,95","0,98","0,98","+4,26","0,12"
"2010-08-27","0,97","0,93","0,97","0,96","-2,04","0,11"
"2010-08-30","0,95","0,93","0,95","0,95","-1,04","0,03"
"2010-08-31","0,95","0,87","0,95","0,94","-1,05","0,21"
"2010-09-01","0,93","0,88","0,94","0,91","-3,19","0,32"
"2010-09-02","0,91","0,82","0,91","0,85","-6,59","1,14"
"2010-09-03","0,85","0,83","0,85","0,85","+0,00","0,13"
"2010-09-06","0,85","0,83","0,85","0,85","+0,00","0,16"
"2010-09-07","0,85","0,82","0,86","0,84","-1,18","0,10"
"2010-09-08","0,83","0,82","0,84","0,84","+0,00","0,16"
"2010-09-09","0,83","0,83","0,84","0,83","-1,19","0,09"
"2010-09-10","0,84","0,83","0,84","0,83","+0,00","0,04"
"2010-09-13","0,83","0,81","0,83","0,81","-2,41","0,10"
"2010-09-14","0,82","0,81","0,89","0,87","+7,41","0,59"
"2010-09-15","0,88","0,85","0,88","0,86","-1,15","0,05"
"2010-09-16","0,85","0,83","0,86","0,85","-1,16","0,06"
"2010-09-17","0,83","0,83","0,84","0,84","-1,18","0,06"
"2010-09-20","0,84","0,84","1,02","0,98","+16,67","2,00"
"2010-09-21","0,97","0,91","0,97","0,93","-5,10","0,53"
"2010-09-22","0,91","0,90","0,95","0,92","-1,08","0,18"
"2010-09-23","0,92","0,88","0,93","0,92","+0,00","0,08"
"2010-09-24","0,91","0,89","0,92","0,90","-2,17","0,14"
"2010-09-27","0,90","0,88","0,90","0,90","+0,00","0,08"
"2010-09-28","0,88","0,87","0,90","0,90","+0,00","0,07"
"2010-09-29","0,90","0,88","0,90","0,89","-1,11","0,07"
"2010-09-30","0,86","0,86","0,94","0,92","+3,37","0,22"
"2010-10-01","0,92","0,89","0,92","0,91","-1,09","0,03"
"2010-10-04","0,89","0,87","0,90","0,89","-2,20","0,09"
"2010-10-05","0,93","0,88","0,94","0,89","+0,00","0,21"
"2010-10-06","0,89","0,88","0,90","0,88","-1,12","0,10"
"2010-10-07","0,89","0,85","0,89","0,86","-2,27","0,18"
"2010-10-08","0,88","0,86","0,88","0,88","+2,33","0,05"
"2010-10-11","0,87","0,87","0,88","0,88","+0,00","0,06"
"2010-10-12","0,88","0,86","0,88","0,88","+0,00","0,05"
"2010-10-13","0,87","0,86","0,88","0,88","+0,00","0,05"
"2010-10-14","0,89","0,87","0,89","0,89","+1,14","0,05"
"2010-10-15","0,87","0,86","0,88","0,88","-1,12","0,01"
"2010-10-18","0,87","0,85","0,87","0,87","-1,14","0,05"
"2010-10-19","0,87","0,84","0,87","0,87","+0,00","0,08"
"2010-10-20","0,86","0,84","0,86","0,86","-1,15","0,01"
"2010-10-21","0,85","0,85","0,88","0,88","+2,33","0,06"
"2010-10-22","0,86","0,85","0,89","0,85","-3,41","0,02"
"2010-10-25","0,85","0,84","0,88","0,87","+2,35","0,01"
"2010-10-26","0,86","0,84","0,87","0,87","+0,00","0,02"
"2010-10-27","0,86","0,84","0,86","0,85","-2,30","0,02"
"2010-10-28","0,85","0,84","0,85","0,85","+0,00","0,02"
"2010-10-29","0,85","0,84","0,86","0,84","-1,18","0,05"
"2010-11-02","0,85","0,85","0,88","0,85","+1,19","0,03"
"2010-11-03","0,87","0,87","0,89","0,88","+3,53","0,20"
"2010-11-04","0,88","0,86","0,88","0,88","+0,00","0,05"
"2010-11-05","0,86","0,85","0,89","0,87","-1,14","0,02"
"2010-11-08","0,87","0,87","0,87","0,87","+0,00","0,02"
"2010-11-09","0,86","0,85","0,87","0,85","-2,30","0,05"
"2010-11-10","0,85","0,84","0,86","0,85","+0,00","0,05"
"2010-11-12","0,84","0,84","0,86","0,85","+0,00","0,03"
"2010-11-15","0,86","0,81","0,87","0,85","+0,00","0,09"
"2010-11-16","0,85","0,82","0,85","0,85","+0,00","0,09"
"2010-11-17","0,83","0,81","0,83","0,83","-2,35","0,16"
"2010-11-18","0,83","0,81","0,84","0,83","+0,00","0,10"
"2010-11-19","0,82","0,79","0,83","0,82","-1,20","0,08"
"2010-11-22","0,83","0,77","0,83","0,82","+0,00","0,10"
"2010-11-23","0,81","0,79","0,88","0,87","+6,10","0,18"
"2010-11-24","0,86","0,82","0,87","0,86","-1,15","0,19"
"2010-11-25","0,83","0,83","0,88","0,86","+0,00","0,05"
"2010-11-26","0,83","0,79","0,85","0,84","-2,33","0,15"
"2010-11-29","0,84","0,77","0,84","0,82","-2,38","0,07"
"2010-11-30","0,80","0,80","0,83","0,82","+0,00","0,01"
"2010-12-01","0,84","0,82","0,84","0,84","+2,44","0,02"
"2010-12-02","0,83","0,83","0,83","0,83","-1,19","0,00"
"2010-12-03","0,83","0,83","0,83","0,83","+0,00","0,04"
"2010-12-06","0,81","0,81","0,83","0,83","+0,00","0,01"
"2010-12-07","0,82","0,82","0,83","0,82","-1,20","0,01"
"2010-12-08","0,81","0,79","0,82","0,81","-1,22","0,05"
"2010-12-09","0,81","0,81","0,81","0,81","+0,00","0,01"
"2010-12-10","0,82","0,82","0,82","0,82","+1,23","0,01"
"2010-12-13","0,80","0,79","0,83","0,83","+1,22","0,24"
"2010-12-14","0,83","0,82","0,83","0,83","+0,00","0,06"
"2010-12-15","0,80","0,80","0,80","0,80","-3,61","0,01"
"2010-12-16","0,80","0,79","0,83","0,82","+2,50","0,05"
"2010-12-17","0,80","0,80","0,82","0,80","+0,00","0,08"
"2010-12-20","0,80","0,78","0,81","0,80","+0,00","0,03"
"2010-12-21","0,80","0,80","0,80","0,80","+0,00","0,01"
"2010-12-22","0,82","0,78","0,82","0,80","+0,00","0,04"
"2010-12-23","0,78","0,78","0,79","0,79","-1,25","0,01"
"2010-12-27","0,78","0,75","0,78","0,77","-2,53","0,06"
"2010-12-28","0,76","0,74","0,76","0,75","-2,60","0,11"
"2010-12-29","0,75","0,74","0,75","0,74","-1,33","0,02"
"2010-12-30","0,75","0,75","0,78","0,78","+5,41","0,01"
"2010-12-31","0,76","0,76","0,76","0,76","-2,56","0,00"
"2011-01-03","0,74","0,74","0,77","0,76","+0,00","0,02"
"2011-01-04","0,76","0,75","0,80","0,79","+3,95","0,02"
"2011-01-05","0,80","0,78","0,80","0,80","+1,27","0,02"
"2011-01-07","0,80","0,77","0,80","0,77","-3,75","0,00"
"2011-01-10","0,77","0,77","0,83","0,79","+2,60","0,10"
"2011-01-11","0,78","0,76","0,80","0,79","+0,00","0,05"
"2011-01-12","0,82","0,82","0,85","0,84","+6,33","0,19"
"2011-01-13","0,85","0,84","0,86","0,84","+0,00","0,04"
"2011-01-14","0,86","0,85","0,87","0,85","+1,19","0,03"
"2011-01-17","0,85","0,77","0,85","0,85","+0,00","0,04"
"2011-01-18","0,83","0,83","0,84","0,83","-2,35","0,01"
"2011-01-19","0,84","0,82","0,84","0,84","+1,20","0,01"
"2011-01-20","0,83","0,83","0,83","0,83","-1,19","0,00"
"2011-01-21","0,82","0,82","0,83","0,82","-1,20","0,01"
"2011-01-24","0,84","0,81","0,84","0,83","+1,22","0,01"
"2011-01-25","0,82","0,80","0,82","0,81","-2,41","0,04"
"2011-01-26","0,80","0,78","0,84","0,82","+1,23","0,06"
"2011-01-27","0,83","0,80","0,83","0,83","+1,22","0,01"
"2011-01-28","0,80","0,79","0,80","0,79","-4,82","0,03"
"2011-01-31","0,79","0,78","0,80","0,80","+1,27","0,02"
"2011-02-01","0,80","0,76","0,80","0,79","-1,25","0,04"
"2011-02-02","0,78","0,76","0,80","0,80","+1,27","0,05"
"2011-02-03","0,78","0,78","0,80","0,80","+0,00","0,01"
"2011-02-04","0,80","0,76","0,85","0,79","-1,25","0,19"
"2011-02-07","0,80","0,78","0,80","0,80","+0,00","0,02"
"2011-02-08","0,80","0,80","0,80","0,80","+0,00","0,01"
"2011-02-09","0,80","0,79","0,81","0,80","+0,00","0,01"
"2011-02-10","0,80","0,78","0,80","0,80","+0,00","0,02"
"2011-02-11","0,78","0,78","0,82","0,80","+0,00","0,02"
"2011-02-14","0,79","0,79","0,79","0,79","-1,25","0,00"
"2011-02-15","0,80","0,80","0,81","0,81","+2,53","0,06"
"2011-02-16","0,79","0,77","0,80","0,80","-1,23","0,06"
"2011-02-17","0,79","0,77","0,81","0,81","+1,25","0,04"
"2011-02-18","0,78","0,78","0,80","0,80","-1,23","0,02"
"2011-02-21","0,80","0,78","0,80","0,79","-1,25","0,00"
"2011-02-22","0,79","0,78","0,80","0,80","+1,27","0,05"
"2011-02-23","0,80","0,78","0,80","0,79","-1,25","0,01"
"2011-02-24","0,78","0,78","0,79","0,79","+0,00","0,02"
"2011-02-25","0,79","0,77","0,79","0,79","+0,00","0,03"
"2011-02-28","0,80","0,77","0,80","0,79","+0,00","0,01"
"2011-03-01","0,78","0,78","0,78","0,78","-1,27","0,00"
"2011-03-02","0,79","0,78","0,82","0,80","+2,56","0,17"
"2011-03-03","0,80","0,79","0,84","0,84","+5,00","0,10"
"2011-03-04","0,84","0,82","0,85","0,84","+0,00","0,08"
"2011-03-07","0,80","0,80","0,83","0,81","-3,57","0,01"
"2011-03-08","0,81","0,80","0,81","0,80","-1,23","0,02"
"2011-03-09","0,80","0,79","0,80","0,80","+0,00","0,01"
"2011-03-10","0,79","0,79","0,79","0,79","-1,25","0,00"
"2011-03-11","0,79","0,79","0,81","0,81","+2,53","0,01"
"2011-03-14","0,79","0,79","0,79","0,79","-2,47","0,00"
"2011-03-15","0,79","0,78","0,79","0,79","+0,00","0,03"
"2011-03-16","0,78","0,77","0,78","0,77","-2,53","0,04"
"2011-03-17","0,77","0,76","0,77","0,77","+0,00","0,05"
"2011-03-18","0,76","0,74","0,78","0,78","+1,30","0,01"
"2011-03-21","0,78","0,76","0,78","0,78","+0,00","0,01"
"2011-03-23","0,75","0,75","0,78","0,78","+0,00","0,00"
"2011-03-25","0,75","0,75","0,77","0,77","-1,28","0,00"
"2011-03-28","0,78","0,75","0,78","0,78","+0,00","0,00"
"2011-03-29","0,76","0,75","0,77","0,77","-1,28","0,01"
"2011-03-30","0,77","0,76","0,77","0,76","-1,30","0,01"
"2011-03-31","0,76","0,76","0,77","0,77","+1,32","0,01"
"2011-04-01","0,77","0,77","0,77","0,77","+0,00","0,00"
"2011-04-04","0,76","0,75","0,78","0,78","+1,30","0,03"
"2011-04-05","0,77","0,76","0,77","0,77","-1,28","0,00"
"2011-04-06","0,77","0,77","0,77","0,77","+0,00","0,01"
"2011-04-07","0,77","0,76","0,77","0,76","-1,30","0,00"
"2011-04-08","0,76","0,76","0,78","0,78","+2,63","0,01"
"2011-04-11","0,75","0,75","0,78","0,77","-1,28","0,03"
"2011-04-12","0,77","0,77","0,78","0,77","+0,00","0,02"
"2011-04-13","0,76","0,76","0,76","0,76","-1,30","0,02"
"2011-04-14","0,77","0,77","0,79","0,77","+1,32","0,03"
"2011-04-15","0,76","0,76","0,78","0,77","+0,00","0,02"
"2011-04-18","0,77","0,76","0,77","0,76","-1,30","0,02"
"2011-04-19","0,76","0,76","0,77","0,77","+1,32","0,01"
"2011-04-20","0,76","0,76","0,76","0,76","-1,30","0,00"
"2011-04-21","0,76","0,76","0,76","0,76","+0,00","0,00"
"2011-04-26","0,76","0,75","0,76","0,75","-1,32","0,02"
"2011-04-27","0,75","0,75","0,76","0,76","+1,33","0,02"
"2011-04-28","0,77","0,75","0,77","0,76","+0,00","0,04"
"2011-04-29","0,76","0,74","0,76","0,74","-2,63","0,02"
"2011-05-04","0,75","0,74","0,76","0,76","+2,70","0,01"
"2011-05-05","0,74","0,74","0,74","0,74","-2,63","0,01"
"2011-05-06","0,73","0,73","0,76","0,73","-1,35","0,02"
"2011-05-09","0,74","0,72","0,74","0,74","+1,37","0,00"
"2011-05-10","0,71","0,71","0,73","0,72","-2,70","0,01"
"2011-05-11","0,73","0,72","0,74","0,74","+2,78","0,01"
"2011-05-12","0,74","0,70","0,74","0,73","-1,35","0,04"
"2011-05-13","0,68","0,67","0,70","0,68","-6,85","0,06"
"2011-05-16","0,68","0,67","0,70","0,69","+0,00","0,02"
"2011-05-17","0,69","0,68","0,75","0,70","+1,45","0,06"
"2011-05-18","0,70","0,69","0,71","0,70","+0,00","0,02"
"2011-05-19","0,69","0,66","0,70","0,70","+0,00","0,01"
"2011-05-20","0,69","0,67","0,69","0,69","-1,43","0,00"
"2011-05-23","0,66","0,66","0,66","0,66","-4,35","0,00"
"2011-05-24","0,66","0,65","0,69","0,69","+4,55","0,01"
"2011-05-26","0,67","0,67","0,69","0,69","+0,00","0,00"
"2011-05-30","0,66","0,66","0,69","0,67","-2,90","0,01"
"2011-05-31","0,66","0,66","0,69","0,69","+2,99","0,00"
"2011-06-01","0,67","0,67","0,69","0,68","-1,45","0,01"
"2011-06-02","0,69","0,67","0,69","0,68","+0,00","0,04"
"2011-06-03","0,69","0,69","0,69","0,69","+1,47","0,00"
"2011-06-06","0,69","0,69","0,69","0,69","+0,00","0,00"
"2011-06-07","0,67","0,64","0,68","0,68","-1,45","0,01"
"2011-06-08","0,68","0,68","0,68","0,68","+0,00","0,00"
"2011-06-09","0,66","0,62","0,68","0,68","+0,00","0,02"
"2011-06-10","0,63","0,63","0,67","0,67","-1,47","0,01"
"2011-06-13","0,68","0,64","0,69","0,67","+0,00","0,02"
"2011-06-14","0,67","0,65","0,67","0,67","+0,00","0,01"
"2011-06-15","0,66","0,66","0,66","0,66","-1,49","0,00"
"2011-06-16","0,64","0,63","0,67","0,67","+1,52","0,00"
"2011-06-17","0,63","0,63","0,66","0,66","-1,49","0,00"
"2011-06-20","0,64","0,63","0,64","0,63","-4,55","0,01"
"2011-06-21","0,63","0,57","0,64","0,64","+1,59","0,04"
"2011-06-24","0,64","0,64","0,65","0,65","+1,56","0,00"
"2011-06-27","0,60","0,58","0,62","0,62","-4,62","0,01"
"2011-06-28","0,62","0,62","0,63","0,63","+1,61","0,01"
"2011-06-29","0,60","0,60","0,64","0,64","+1,59","0,01"
"2011-06-30","0,64","0,62","0,64","0,62","-3,13","0,00"
"2011-07-01","0,62","0,60","0,63","0,63","+1,61","0,00"
"2011-07-04","0,63","0,63","0,64","0,64","+1,59","0,01"
"2011-07-05","0,64","0,61","0,64","0,62","+0,00","0,01"
"2011-07-06","0,62","0,61","0,62","0,62","+0,00","0,01"
"2011-07-07","0,62","0,60","0,62","0,61","-1,61","0,01"
"2011-07-08","0,61","0,61","0,62","0,61","+0,00","0,01"
"2011-07-11","0,60","0,60","0,62","0,62","+1,64","0,00"
"2011-07-12","0,62","0,57","0,62","0,60","-3,23","0,00"
"2011-07-13","0,60","0,58","0,60","0,60","+0,00","0,00"
"2011-07-14","0,60","0,58","0,60","0,60","+0,00","0,00"
"2011-07-15","0,60","0,58","0,60","0,58","-3,33","0,00"
"2011-07-18","0,58","0,53","0,58","0,53","-8,62","0,01"
"2011-07-19","0,53","0,50","0,54","0,50","-5,66","0,00"
"2011-07-20","0,51","0,51","0,58","0,58","+16,00","0,02"
"2011-07-21","0,59","0,56","0,60","0,60","+3,45","0,02"
"2011-07-22","0,60","0,58","0,60","0,60","+0,00","0,00"
"2011-07-25","0,60","0,60","0,60","0,60","+0,00","0,00"
"2011-07-26","0,61","0,60","0,64","0,61","+1,67","0,02"
"2011-07-27","0,61","0,58","0,61","0,61","+0,00","0,01"
"2011-07-28","0,61","0,60","0,61","0,60","-1,64","0,00"
"2011-08-01","0,60","0,58","0,60","0,58","-3,33","0,00"
"2011-08-02","0,58","0,58","0,58","0,58","+0,00","0,00"
"2011-08-03","0,58","0,56","0,58","0,57","-1,72","0,01"
"2011-08-04","0,55","0,51","0,55","0,55","-3,51","0,00"
"2011-08-05","0,50","0,49","0,55","0,51","-7,27","0,02"
"2011-08-08","0,46","0,46","0,51","0,50","-1,96","0,03"
"2011-08-09","0,50","0,42","0,50","0,49","-2,00","0,03"
"2011-08-10","0,53","0,49","0,53","0,49","+0,00","0,00"
"2011-08-11","0,49","0,47","0,49","0,49","+0,00","0,00"
"2011-08-12","0,49","0,49","0,50","0,50","+2,04","0,01"
"2011-08-16","0,50","0,48","0,50","0,50","+0,00","0,00"
"2011-08-17","0,50","0,48","0,51","0,51","+2,00","0,01"
"2011-08-18","0,50","0,46","0,50","0,48","-5,88","0,02"
"2011-08-19","0,46","0,45","0,48","0,48","+0,00","0,01"
"2011-08-22","0,48","0,48","0,49","0,49","+2,08","0,00"
"2011-08-23","0,49","0,49","0,50","0,50","+2,04","0,01"
"2011-08-24","0,49","0,49","0,49","0,49","+0,00","0,00"
"2011-08-25","0,49","0,49","0,52","0,49","+0,00","0,00"
"2011-08-26","0,49","0,47","0,49","0,47","-4,08","0,01"
"2011-08-29","0,47","0,47","0,51","0,50","+6,38","0,01"
"2011-08-30","0,50","0,50","0,51","0,51","+2,00","0,00"
"2011-08-31","0,51","0,51","0,55","0,54","+5,88","0,02"
"2011-09-01","0,54","0,51","0,55","0,53","-1,85","0,02"
"2011-09-02","0,51","0,51","0,52","0,52","-1,89","0,00"
"2011-09-05","0,52","0,48","0,52","0,50","-3,85","0,00"
"2011-09-07","0,50","0,50","0,50","0,50","+0,00","0,00"
"2011-09-08","0,49","0,49","0,49","0,49","-2,00","0,00"
"2011-09-09","0,49","0,48","0,50","0,48","-2,04","0,01"
"2011-09-12","0,47","0,47","0,49","0,47","-2,08","0,01"
"2011-09-13","0,47","0,47","0,47","0,47","+0,00","0,00"
"2011-09-14","0,47","0,47","0,47","0,47","+0,00","0,00"
"2011-09-16","0,47","0,45","0,48","0,48","+2,13","0,00"
"2011-09-19","0,48","0,48","0,48","0,48","+0,00","0,00"
"2011-09-21","0,48","0,47","0,48","0,47","-2,08","0,00"
"2011-09-22","0,48","0,48","0,48","0,48","+2,13","0,00"
"2011-09-23","0,47","0,45","0,47","0,46","-4,17","0,00"
"2011-09-26","0,46","0,45","0,46","0,45","-2,17","0,01"
"2011-09-27","0,44","0,42","0,44","0,44","-2,22","0,02"
"2011-09-28","0,43","0,42","0,43","0,42","-4,55","0,00"
"2011-09-29","0,41","0,39","0,41","0,39","-7,14","0,01"
"2011-09-30","0,40","0,37","0,40","0,39","+0,00","0,01"
"2011-10-03","0,38","0,37","0,39","0,39","+0,00","0,00"
"2011-10-04","0,37","0,37","0,39","0,39","+0,00","0,00"
"2011-10-05","0,38","0,38","0,41","0,40","+2,56","0,01"
"2011-10-06","0,41","0,40","0,41","0,40","+0,00","0,00"
"2011-10-07","0,41","0,40","0,42","0,42","+5,00","0,00"
"2011-10-10","0,42","0,42","0,45","0,45","+7,14","0,01"
"2011-10-11","0,46","0,46","0,47","0,46","+2,22","0,00"
"2011-10-12","0,45","0,43","0,46","0,46","+0,00","0,01"
"2011-10-13","0,47","0,45","0,47","0,45","+0,00","0,00"
"2011-10-14","0,45","0,45","0,45","0,45","+0,00","0,00"
"2011-10-17","0,45","0,45","0,45","0,45","+0,00","0,00"
"2011-10-18","0,46","0,43","0,46","0,44","-2,22","0,00"
"2011-10-19","0,44","0,41","0,44","0,44","+0,00","0,00"
"2011-10-20","0,42","0,42","0,42","0,42","-4,55","0,00"
"2011-10-24","0,42","0,42","0,43","0,42","+0,00","0,00"
"2011-10-25","0,43","0,43","0,43","0,43","+2,38","0,00"
"2011-10-27","0,42","0,42","0,42","0,42","-2,33","0,00"
"2011-10-28","0,42","0,42","0,42","0,42","+0,00","0,00"
"2011-10-31","0,41","0,38","0,42","0,39","-7,14","0,02"
"2011-11-02","0,39","0,39","0,39","0,39","+0,00","0,00"
"2011-11-03","0,39","0,39","0,40","0,39","+0,00","0,00"
"2011-11-04","0,39","0,39","0,42","0,42","+7,69","0,01"
"2011-11-07","0,43","0,42","0,47","0,47","+11,90","0,04"
"2011-11-08","0,47","0,47","0,53","0,53","+12,77","0,04"
"2011-11-09","0,53","0,48","0,54","0,48","-9,43","0,03"
"2011-11-10","0,47","0,46","0,47","0,46","-4,17","0,01"
"2011-11-14","0,47","0,43","0,47","0,46","+0,00","0,02"
"2011-11-15","0,46","0,45","0,46","0,45","-2,17","0,00"
"2011-11-16","0,43","0,43","0,45","0,45","+0,00","0,00"
"2011-11-17","0,46","0,45","0,46","0,45","+0,00","0,00"
"2011-11-18","0,46","0,43","0,46","0,45","+0,00","0,00"
"2011-11-21","0,43","0,43","0,44","0,43","-4,44","0,00"
"2011-11-22","0,43","0,43","0,43","0,43","+0,00","0,00"
"2011-11-24","0,42","0,42","0,42","0,42","-2,33","0,00"
"2011-11-25","0,42","0,42","0,44","0,44","+4,76","0,00"
"2011-11-28","0,44","0,43","0,44","0,43","-2,27","0,00"
"2011-11-29","0,43","0,43","0,43","0,43","+0,00","0,00"
"2011-11-30","0,43","0,42","0,43","0,43","+0,00","0,00"
"2011-12-01","0,43","0,42","0,43","0,43","+0,00","0,00"
"2011-12-02","0,43","0,42","0,44","0,44","+0,00","0,00"
"2011-12-05","0,43","0,43","0,44","0,44","+0,00","0,00"
"2011-12-06","0,44","0,43","0,44","0,43","-2,27","0,00"
"2011-12-08","0,43","0,42","0,43","0,43","+0,00","0,00"
"2011-12-09","0,43","0,40","0,43","0,40","-6,98","0,00"
"2011-12-12","0,40","0,39","0,41","0,41","+2,50","0,01"
"2011-12-15","0,42","0,39","0,42","0,41","+0,00","0,01"
"2011-12-16","0,41","0,40","0,42","0,42","+2,44","0,00"
"2011-12-19","0,42","0,40","0,42","0,41","-2,38","0,00"
"2011-12-20","0,40","0,38","0,40","0,39","-4,88","0,00"
"2011-12-21","0,39","0,39","0,45","0,45","+15,38","0,02"
"2011-12-22","0,46","0,46","0,49","0,49","+8,89","0,03"
"2011-12-23","0,49","0,44","0,49","0,44","-10,20","0,04"
"2011-12-27","0,44","0,41","0,44","0,41","-6,82","0,01"
"2011-12-28","0,41","0,41","0,42","0,42","+2,44","0,00"
"2011-12-29","0,44","0,42","0,44","0,42","+0,00","0,00"
"2011-12-30","0,43","0,43","0,43","0,43","+2,38","0,00"
"2012-01-02","0,43","0,42","0,44","0,44","+2,33","0,00"
"2012-01-03","0,44","0,44","0,47","0,47","+6,82","0,01"
"2012-01-04","0,47","0,43","0,47","0,46","-2,13","0,02"
"2012-01-05","0,45","0,42","0,45","0,42","-8,70","0,00"
"2012-01-09","0,42","0,42","0,44","0,43","+2,38","0,00"
"2012-01-10","0,44","0,44","0,46","0,46","+6,98","0,01"
"2012-01-11","0,45","0,45","0,45","0,45","-2,17","0,00"
"2012-01-13","0,45","0,42","0,45","0,42","-6,67","0,01"
"2012-01-17","0,44","0,44","0,45","0,45","+7,14","0,00"
"2012-01-18","0,45","0,45","0,45","0,45","+0,00","0,00"
"2012-01-19","0,45","0,45","0,47","0,47","+4,44","0,00"
"2012-01-20","0,46","0,46","0,51","0,50","+6,38","0,02"
"2012-01-23","0,48","0,48","0,51","0,51","+0,00","0,01"
"2012-01-24","0,50","0,48","0,50","0,48","-5,88","0,02"
"2012-01-25","0,48","0,47","0,48","0,47","-2,08","0,00"
"2012-01-26","0,48","0,46","0,48","0,47","+0,00","0,01"
"2012-01-27","0,46","0,45","0,46","0,46","-2,13","0,01"
"2012-01-30","0,47","0,47","0,47","0,47","+2,17","0,00"
"2012-01-31","0,47","0,47","0,49","0,49","+4,26","0,02"
"2012-02-01","0,50","0,48","0,50","0,49","+0,00","0,00"
"2012-02-02","0,49","0,48","0,49","0,49","+0,00","0,00"
"2012-02-03","0,50","0,49","0,50","0,49","+0,00","0,01"
"2012-02-06","0,49","0,48","0,49","0,49","+0,00","0,02"
"2012-02-07","0,50","0,49","0,50","0,49","+0,00","0,01"
"2012-02-08","0,50","0,49","0,50","0,49","+0,00","0,02"
"2012-02-09","0,49","0,46","0,49","0,47","-4,08","0,02"
"2012-02-10","0,47","0,47","0,48","0,48","+2,13","0,01"
"2012-02-13","0,48","0,48","0,50","0,50","+4,17","0,01"
"2012-02-14","0,49","0,49","0,49","0,49","-2,00","0,00"
"2012-02-15","0,49","0,46","0,50","0,46","-6,12","0,05"
"2012-02-16","0,46","0,46","0,49","0,49","+6,52","0,05"
"2012-02-17","0,49","0,47","0,50","0,50","+2,04","0,03"
"2012-02-20","0,50","0,50","0,55","0,55","+10,00","0,16"
"2012-02-21","0,55","0,52","0,56","0,52","-5,45","0,07"
"2012-02-22","0,52","0,49","0,52","0,49","-5,77","0,04"
"2012-02-23","0,50","0,49","0,50","0,49","+0,00","0,02"
"2012-02-24","0,49","0,45","0,49","0,48","-2,04","0,05"
"2012-02-27","0,48","0,45","0,48","0,48","+0,00","0,05"
"2012-02-28","0,46","0,45","0,46","0,46","-4,17","0,02"
"2012-02-29","0,45","0,44","0,45","0,44","-4,35","0,01"
"2012-03-01","0,44","0,43","0,45","0,45","+2,27","0,00"
"2012-03-02","0,45","0,42","0,45","0,42","-6,67","0,02"
"2012-03-05","0,43","0,42","0,45","0,45","+7,14","0,02"
"2012-03-06","0,46","0,43","0,46","0,43","-4,44","0,00"
"2012-03-07","0,43","0,43","0,45","0,45","+4,65","0,02"
"2012-03-08","0,43","0,43","0,46","0,46","+2,22","0,03"
"2012-03-09","0,46","0,46","0,46","0,46","+0,00","0,00"
"2012-03-12","0,46","0,44","0,47","0,47","+0,00","0,05"
"2012-03-13","0,47","0,47","0,48","0,48","+2,13","0,00"
"2012-03-14","0,48","0,48","0,50","0,49","+2,08","0,02"
"2012-03-15","0,50","0,49","0,50","0,49","+0,00","0,00"
"2012-03-16","0,49","0,47","0,49","0,47","-4,08","0,00"
"2012-03-19","0,48","0,47","0,48","0,47","+0,00","0,00"
"2012-03-20","0,46","0,45","0,47","0,47","+0,00","0,01"
"2012-03-21","0,47","0,43","0,47","0,46","-2,13","0,02"
"2012-03-22","0,45","0,43","0,45","0,44","-4,35","0,00"
"2012-03-23","0,46","0,44","0,46","0,44","+0,00","0,01"
"2012-03-26","0,45","0,45","0,45","0,45","+2,27","0,01"
"2012-03-27","0,44","0,44","0,44","0,44","-2,22","0,00"
"2012-03-28","0,44","0,44","0,44","0,44","+0,00","0,00"
"2012-03-29","0,45","0,45","0,45","0,45","+2,27","0,00"
"2012-03-30","0,46","0,44","0,46","0,44","-2,22","0,00"
"2012-04-02","0,45","0,44","0,46","0,46","+4,55","0,01"
"2012-04-03","0,46","0,44","0,46","0,44","-4,35","0,01"
"2012-04-04","0,44","0,43","0,44","0,44","+0,00","0,01"
"2012-04-05","0,45","0,43","0,45","0,43","-2,27","0,00"
"2012-04-10","0,45","0,42","0,45","0,45","+4,65","0,00"
"2012-04-11","0,45","0,42","0,45","0,44","-2,22","0,00"
"2012-04-13","0,43","0,43","0,44","0,44","+0,00","0,00"
"2012-04-16","0,43","0,43","0,44","0,44","+0,00","0,00"
"2012-04-17","0,44","0,43","0,45","0,43","-2,27","0,00"
"2012-04-18","0,43","0,43","0,44","0,44","+2,33","0,01"
"2012-04-19","0,45","0,43","0,45","0,43","-2,27","0,00"
"2012-04-20","0,43","0,43","0,44","0,44","+2,33","0,00"
"2012-04-23","0,44","0,42","0,44","0,42","-4,55","0,00"
"2012-04-24","0,40","0,40","0,41","0,41","-2,38","0,01"
"2012-04-25","0,41","0,41","0,43","0,43","+4,88","0,00"
"2012-04-26","0,43","0,43","0,44","0,44","+2,33","0,00"
"2012-04-27","0,43","0,43","0,44","0,43","-2,27","0,00"
"2012-04-30","0,42","0,41","0,42","0,41","+0,00","0,00"
"2012-05-02","0,43","0,42","0,44","0,44","+7,32","0,01"
"2012-05-04","0,42","0,42","0,44","0,43","-2,27","0,00"
"2012-05-07","0,42","0,42","0,42","0,42","-2,33","0,00"
"2012-05-08","0,42","0,42","0,42","0,42","+0,00","0,01"
"2012-05-09","0,42","0,41","0,42","0,41","-2,38","0,00"
"2012-05-10","0,42","0,41","0,42","0,41","+0,00","0,01"
"2012-05-11","0,42","0,40","0,42","0,40","-2,44","0,01"
"2012-05-14","0,40","0,39","0,40","0,39","-2,50","0,01"
"2012-05-15","0,38","0,37","0,38","0,38","-2,56","0,01"
"2012-05-17","0,37","0,37","0,41","0,40","+5,26","0,01"
"2012-05-18","0,39","0,38","0,39","0,39","-2,50","0,00"
"2012-05-21","0,39","0,39","0,40","0,40","+2,56","0,00"
"2012-05-22","0,40","0,39","0,40","0,39","-2,50","0,00"
"2012-05-23","0,37","0,36","0,37","0,37","-5,13","0,02"
"2012-05-24","0,37","0,37","0,37","0,37","+0,00","0,00"
"2012-05-25","0,37","0,37","0,38","0,38","+2,70","0,00"
"2012-05-28","0,38","0,37","0,39","0,39","+2,63","0,00"
"2012-05-29","0,39","0,36","0,39","0,36","-7,69","0,00"
"2012-05-30","0,37","0,36","0,38","0,38","+5,56","0,01"
"2012-05-31","0,36","0,35","0,36","0,35","-7,89","0,00"
"2012-06-01","0,36","0,36","0,36","0,36","+2,86","0,00"
"2012-06-04","0,36","0,36","0,37","0,36","+0,00","0,00"
"2012-06-05","0,36","0,33","0,36","0,33","-8,33","0,01"
"2012-06-06","0,32","0,30","0,36","0,36","+9,09","0,04"
"2012-06-08","0,36","0,36","0,36","0,36","+0,00","0,00"
"2012-06-11","0,36","0,34","0,36","0,36","+0,00","0,00"
"2012-06-12","0,36","0,36","0,36","0,36","+0,00","0,00"
"2012-06-13","0,36","0,33","0,36","0,35","-2,78","0,00"
"2012-06-14","0,35","0,34","0,37","0,37","+5,71","0,01"
"2012-06-15","0,37","0,37","0,37","0,37","+0,00","0,00"
"2012-06-18","0,37","0,37","0,41","0,41","+10,81","0,01"
"2012-06-19","0,41","0,40","0,42","0,42","+0,00","0,00"
"2012-06-20","0,43","0,42","0,44","0,44","+4,76","0,00"
"2012-06-21","0,43","0,41","0,44","0,42","-4,55","0,01"
"2012-06-22","0,43","0,39","0,44","0,41","-2,38","0,01"
"2012-06-25","0,43","0,42","0,43","0,43","+4,88","0,00"
"2012-06-26","0,43","0,42","0,43","0,42","-2,33","0,00"
"2012-06-27","0,42","0,41","0,42","0,41","-2,38","0,00"
"2012-06-28","0,42","0,40","0,42","0,41","+0,00","0,00"
"2012-06-29","0,42","0,41","0,43","0,43","+4,88","0,00"
"2012-07-02","0,43","0,43","0,44","0,44","+2,33","0,00"
"2012-07-03","0,43","0,43","0,44","0,44","+0,00","0,00"
"2012-07-04","0,44","0,41","0,45","0,43","-2,27","0,01"
"2012-07-05","0,43","0,41","0,45","0,44","+2,33","0,01"
"2012-07-06","0,45","0,43","0,45","0,43","-2,27","0,00"
"2012-07-09","0,44","0,44","0,45","0,45","+4,65","0,00"
"2012-07-10","0,45","0,45","0,45","0,45","+0,00","0,00"
"2012-07-11","0,45","0,42","0,45","0,42","-6,67","0,01"
"2012-07-12","0,41","0,41","0,43","0,43","+2,38","0,00"
"2012-07-13","0,43","0,43","0,45","0,44","+2,33","0,01"
"2012-07-16","0,44","0,44","0,45","0,44","+0,00","0,00"
"2012-07-17","0,43","0,41","0,44","0,44","+0,00","0,01"
"2012-07-18","0,41","0,40","0,43","0,43","-2,27","0,02"
"2012-07-19","0,43","0,40","0,43","0,41","-4,65","0,01"
"2012-07-20","0,40","0,40","0,43","0,41","+0,00","0,00"
"2012-07-23","0,41","0,39","0,42","0,39","-4,88","0,00"
"2012-07-24","0,40","0,40","0,41","0,41","+5,13","0,00"
"2012-07-25","0,41","0,41","0,41","0,41","+0,00","0,00"
"2012-07-26","0,41","0,40","0,41","0,40","-2,44","0,00"
"2012-07-27","0,40","0,40","0,40","0,40","+0,00","0,00"
"2012-07-30","0,40","0,40","0,41","0,40","+0,00","0,00"
"2012-07-31","0,39","0,39","0,41","0,40","+0,00","0,00"
"2012-08-01","0,40","0,40","0,41","0,40","+0,00","0,00"
"2012-08-02","0,40","0,40","0,41","0,40","+0,00","0,00"
"2012-08-03","0,39","0,39","0,39","0,39","-2,50","0,00"
"2012-08-06","0,38","0,38","0,39","0,39","+0,00","0,00"
"2012-08-07","0,40","0,40","0,40","0,40","+2,56","0,00"
"2012-08-08","0,39","0,39","0,39","0,39","+0,00","0,00"
"2012-08-09","0,39","0,39","0,39","0,39","+0,00","0,00"
"2012-08-10","0,39","0,38","0,39","0,38","-2,56","0,00"
"2012-08-13","0,38","0,38","0,39","0,39","+2,63","0,00"
"2012-08-14","0,39","0,39","0,39","0,39","+0,00","0,00"
"2012-08-16","0,39","0,38","0,39","0,38","-2,56","0,00"
"2012-08-22","0,38","0,38","0,38","0,38","+0,00","0,00"
"2012-08-23","0,38","0,37","0,38","0,37","-2,63","0,00"
"2012-08-24","0,36","0,36","0,36","0,36","-2,70","0,01"
"2012-08-27","0,37","0,37","0,37","0,37","+2,78","0,00"
"2012-08-28","0,36","0,36","0,36","0,36","-2,70","0,00"
"2012-09-03","0,35","0,35","0,35","0,35","-2,78","0,00"
"2012-09-04","0,35","0,35","0,35","0,35","+0,00","0,00"
"2012-09-05","0,35","0,35","0,35","0,35","+0,00","0,00"
"2012-09-06","0,35","0,35","0,35","0,35","+0,00","0,00"
"2012-09-07","0,35","0,35","0,36","0,35","+0,00","0,00"
"2012-09-10","0,35","0,35","0,35","0,35","+0,00","0,00"
"2012-09-11","0,35","0,35","0,35","0,35","+0,00","0,00"
"2012-09-12","0,36","0,36","0,36","0,36","+2,86","0,00"
"2012-09-13","0,36","0,36","0,36","0,36","+0,00","0,00"
"2012-09-14","0,36","0,36","0,38","0,37","+2,78","0,00"
"2012-09-17","0,37","0,36","0,37","0,36","-2,70","0,00"
"2012-09-18","0,36","0,36","0,37","0,37","+2,78","0,00"
"2012-09-19","0,37","0,35","0,37","0,35","-5,41","0,00"
"2012-09-21","0,34","0,33","0,36","0,36","+2,86","0,01"
"2012-09-24","0,35","0,35","0,35","0,35","-2,78","0,00"
"2012-09-25","0,36","0,35","0,36","0,35","+0,00","0,00"
"2012-09-26","0,35","0,34","0,35","0,34","-2,86","0,00"
"2012-09-27","0,34","0,34","0,34","0,34","+0,00","0,00"
"2012-09-28","0,34","0,34","0,34","0,34","+0,00","0,00"
"2012-10-01","0,35","0,35","0,36","0,35","+2,94","0,00"
"2012-10-02","0,36","0,36","0,42","0,40","+14,29","0,06"
"2012-10-03","0,42","0,41","0,45","0,42","+5,00","0,04"
"2012-10-04","0,42","0,41","0,42","0,41","-2,38","0,00"
"2012-10-05","0,41","0,40","0,41","0,40","-2,44","0,00"
"2012-10-08","0,40","0,39","0,42","0,39","-2,50","0,00"
"2012-10-09","0,39","0,36","0,39","0,38","-2,56","0,01"
"2012-10-10","0,38","0,38","0,38","0,38","+0,00","0,00"
"2012-10-11","0,38","0,38","0,39","0,39","+2,63","0,00"
"2012-10-12","0,39","0,36","0,39","0,37","-5,13","0,00"
"2012-10-15","0,37","0,37","0,37","0,37","+0,00","0,00"
"2012-10-16","0,37","0,37","0,37","0,37","+0,00","0,00"
"2012-10-17","0,37","0,37","0,37","0,37","+0,00","0,00"
"2012-10-18","0,37","0,37","0,37","0,37","+0,00","0,00"
"2012-10-19","0,37","0,37","0,37","0,37","+0,00","0,00"
"2012-10-22","0,37","0,37","0,38","0,38","+2,70","0,00"
"2012-10-23","0,38","0,38","0,38","0,38","+0,00","0,00"
"2012-10-24","0,38","0,37","0,38","0,37","-2,63","0,00"
"2012-10-25","0,37","0,37","0,37","0,37","+0,00","0,00"
"2012-10-26","0,36","0,36","0,36","0,36","-2,70","0,00"
"2012-10-29","0,36","0,35","0,36","0,35","-2,78","0,00"
"2012-10-30","0,35","0,35","0,36","0,36","+2,86","0,00"
"2012-10-31","0,37","0,37","0,37","0,37","+2,78","0,00"
"2012-11-02","0,37","0,36","0,38","0,38","+2,70","0,00"
"2012-11-05","0,38","0,38","0,41","0,40","+5,26","0,01"
"2012-11-06","0,40","0,40","0,40","0,40","+0,00","0,00"
"2012-11-07","0,39","0,39","0,39","0,39","-2,50","0,00"
"2012-11-08","0,40","0,39","0,40","0,39","+0,00","0,00"
"2012-11-13","0,38","0,38","0,38","0,38","-2,56","0,00"
"2012-11-14","0,38","0,38","0,38","0,38","+0,00","0,00"
"2012-11-15","0,38","0,38","0,38","0,38","+0,00","0,00"
"2012-11-16","0,38","0,38","0,39","0,39","+0,00","0,00"
"2012-11-19","0,38","0,38","0,38","0,38","-2,56","0,00"
"2012-11-20","0,38","0,38","0,38","0,38","+0,00","0,00"
"2012-11-21","0,38","0,38","0,38","0,38","+0,00","0,00"
"2012-11-22","0,38","0,37","0,39","0,37","-2,63","0,01"
"2012-11-23","0,37","0,37","0,38","0,38","+2,70","0,00"
"2012-11-26","0,38","0,37","0,38","0,38","+0,00","0,00"
"2012-11-27","0,38","0,38","0,41","0,40","+5,26","0,02"
"2012-11-28","0,40","0,40","0,44","0,43","+7,50","0,01"
"2012-11-29","0,42","0,39","0,42","0,41","-4,65","0,01"
"2012-11-30","0,40","0,40","0,42","0,42","+2,44","0,00"
"2012-12-03","0,42","0,41","0,42","0,41","-2,38","0,00"
"2012-12-04","0,42","0,42","0,42","0,42","+2,44","0,00"
"2012-12-05","0,42","0,42","0,42","0,42","+0,00","0,00"
"2012-12-06","0,42","0,39","0,42","0,41","-2,38","0,00"
"2012-12-07","0,42","0,41","0,42","0,41","+0,00","0,01"
"2012-12-10","0,40","0,40","0,40","0,40","-2,44","0,00"
"2012-12-11","0,40","0,39","0,40","0,39","-2,50","0,00"
"2012-12-13","0,40","0,39","0,40","0,40","+2,56","0,00"
"2012-12-14","0,40","0,36","0,40","0,38","-5,00","0,01"
"2012-12-18","0,36","0,35","0,36","0,35","-7,89","0,00"
"2012-12-19","0,35","0,35","0,38","0,36","+2,86","0,01"
"2012-12-20","0,36","0,35","0,36","0,35","-2,78","0,01"
"2012-12-21","0,35","0,35","0,36","0,36","+2,86","0,00"
"2012-12-27","0,37","0,36","0,39","0,36","+0,00","0,01"
"2012-12-28","0,36","0,36","0,38","0,38","+5,56","0,00"
"2013-01-02","0,39","0,37","0,39","0,37","-2,63","0,00"
"2013-01-03","0,39","0,38","0,39","0,38","+2,70","0,00"
"2013-01-07","0,38","0,36","0,38","0,36","+0,00","0,00"
"2013-01-08","0,37","0,37","0,38","0,38","+5,56","0,02"
"2013-01-09","0,38","0,38","0,40","0,39","+2,63","0,01"
"2013-01-10","0,40","0,38","0,40","0,39","+0,00","0,01"
"2013-01-11","0,39","0,39","0,40","0,40","+2,56","0,01"
"2013-01-14","0,41","0,41","0,43","0,41","+2,50","0,04"
"2013-01-15","0,41","0,39","0,41","0,39","-4,88","0,00"
"2013-01-16","0,39","0,39","0,39","0,39","+0,00","0,00"
"2013-01-17","0,39","0,39","0,39","0,39","+0,00","0,00"
"2013-01-18","0,39","0,39","0,39","0,39","+0,00","0,01"
"2013-01-21","0,39","0,39","0,39","0,39","+0,00","0,00"
"2013-01-22","0,38","0,38","0,38","0,38","-2,56","0,00"
"2013-01-23","0,37","0,36","0,38","0,38","+0,00","0,00"
"2013-01-25","0,37","0,35","0,37","0,37","-2,63","0,02"
"2013-01-28","0,36","0,35","0,36","0,36","-2,70","0,03"
"2013-01-29","0,36","0,35","0,36","0,36","+0,00","0,00"
"2013-01-30","0,36","0,35","0,36","0,35","-2,78","0,01"
"2013-01-31","0,35","0,35","0,37","0,37","+5,71","0,01"
"2013-02-01","0,37","0,37","0,37","0,37","+0,00","0,00"
"2013-02-04","0,36","0,35","0,38","0,35","-5,41","0,01"
"2013-02-05","0,35","0,35","0,35","0,35","+0,00","0,01"
"2013-02-06","0,35","0,35","0,35","0,35","+0,00","0,00"
"2013-02-07","0,35","0,35","0,35","0,35","+0,00","0,00"
"2013-02-08","0,34","0,34","0,35","0,34","-2,86","0,01"
"2013-02-11","0,35","0,33","0,35","0,33","-2,94","0,01"
"2013-02-12","0,33","0,33","0,33","0,33","+0,00","0,01"
"2013-02-13","0,33","0,33","0,33","0,33","+0,00","0,00"
"2013-02-14","0,33","0,33","0,33","0,33","+0,00","0,00"
"2013-02-15","0,33","0,33","0,34","0,34","+3,03","0,00"
"2013-02-18","0,34","0,34","0,34","0,34","+0,00","0,00"
"2013-02-19","0,34","0,32","0,34","0,33","-2,94","0,01"
"2013-02-20","0,32","0,31","0,33","0,33","+0,00","0,01"
"2013-02-21","0,33","0,32","0,33","0,32","-3,03","0,00"
"2013-02-22","0,34","0,34","0,37","0,37","+15,62","0,05"
"2013-02-25","0,37","0,35","0,37","0,35","+0,00","0,00"
"2013-02-26","0,35","0,35","0,37","0,35","+0,00","0,00"
"2013-02-27","0,36","0,36","0,37","0,37","+5,71","0,00"
"2013-02-28","0,36","0,36","0,36","0,36","-2,70","0,00"
"2013-03-01","0,35","0,34","0,35","0,35","-2,78","0,02"
"2013-03-04","0,34","0,34","0,34","0,34","-2,86","0,00"
"2013-03-05","0,35","0,35","0,36","0,36","+5,88","0,00"
"2013-03-06","0,33","0,33","0,35","0,35","-2,78","0,00"
"2013-03-07","0,35","0,34","0,36","0,35","+0,00","0,02"
"2013-03-08","0,35","0,33","0,35","0,35","+0,00","0,02"
"2013-03-11","0,35","0,35","0,38","0,38","+8,57","0,06"
"2013-03-12","0,38","0,38","0,49","0,49","+28,95","0,22"
"2013-03-13","0,49","0,41","0,49","0,45","-8,16","0,07"
"2013-03-14","0,43","0,41","0,44","0,43","-4,44","0,03"
"2013-03-15","0,42","0,42","0,45","0,45","+4,65","0,02"
"2013-03-18","0,44","0,43","0,44","0,43","-4,44","0,01"
"2013-03-19","0,43","0,43","0,44","0,44","+2,33","0,00"
"2013-03-20","0,44","0,42","0,44","0,42","-4,55","0,01"
"2013-03-21","0,42","0,39","0,42","0,40","-4,76","0,01"
"2013-03-22","0,40","0,40","0,42","0,41","+2,50","0,03"
"2013-03-25","0,42","0,42","0,44","0,42","+2,44","0,01"
"2013-03-26","0,42","0,38","0,42","0,38","-9,52","0,01"
"2013-03-27","0,39","0,38","0,42","0,41","+7,89","0,02"
"2013-03-28","0,41","0,38","0,41","0,38","-7,32","0,04"
"2013-04-02","0,39","0,39","0,41","0,41","+7,89","0,00"
"2013-04-03","0,41","0,40","0,45","0,45","+9,76","0,03"
"2013-04-04","0,45","0,44","0,45","0,44","-2,22","0,02"
"2013-04-05","0,44","0,42","0,45","0,43","-2,27","0,00"
"2013-04-08","0,42","0,42","0,46","0,46","+6,98","0,01"
"2013-04-09","0,45","0,43","0,45","0,43","-6,52","0,02"
"2013-04-10","0,43","0,43","0,44","0,44","+2,33","0,01"
"2013-04-11","0,44","0,43","0,44","0,44","+0,00","0,00"
"2013-04-12","0,44","0,43","0,44","0,44","+0,00","0,00"
"2013-04-15","0,44","0,40","0,44","0,40","+0,00","0,01"
"2013-04-17","0,41","0,41","0,43","0,43","+7,50","0,00"
"2013-04-18","0,42","0,41","0,43","0,43","+0,00","0,00"
"2013-04-19","0,43","0,42","0,43","0,42","-2,33","0,00"
"2013-04-22","0,40","0,40","0,44","0,44","+4,76","0,00"
"2013-04-23","0,44","0,40","0,44","0,43","-2,27","0,01"
"2013-04-24","0,43","0,40","0,43","0,40","-6,98","0,01"
"2013-04-25","0,40","0,39","0,40","0,40","+0,00","0,01"
"2013-04-26","0,40","0,40","0,40","0,40","+0,00","0,00"
"2013-04-29","0,40","0,40","0,40","0,40","+0,00","0,00"
"2013-04-30","0,40","0,39","0,40","0,39","-2,50","0,00"
"2013-05-06","0,40","0,39","0,40","0,39","+0,00","0,00"
"2013-05-07","0,39","0,39","0,42","0,42","+7,69","0,00"
"2013-05-08","0,42","0,42","0,44","0,42","+0,00","0,01"
"2013-05-09","0,44","0,42","0,44","0,43","+2,38","0,00"
"2013-05-10","0,43","0,43","0,45","0,44","+2,33","0,05"
"2013-05-13","0,45","0,44","0,48","0,44","+0,00","0,04"
"2013-05-14","0,46","0,44","0,46","0,46","+4,55","0,01"
"2013-05-15","0,44","0,44","0,45","0,45","-2,17","0,00"
"2013-05-16","0,45","0,45","0,46","0,46","+2,22","0,01"
"2013-05-17","0,45","0,44","0,45","0,45","-2,17","0,00"
"2013-05-20","0,45","0,43","0,45","0,44","-2,22","0,01"
"2013-05-21","0,44","0,43","0,44","0,43","-2,27","0,03"
"2013-05-22","0,43","0,43","0,43","0,43","+0,00","0,00"
"2013-05-23","0,43","0,42","0,43","0,42","-2,33","0,00"
"2013-05-24","0,43","0,42","0,44","0,44","+4,76","0,00"
"2013-05-27","0,44","0,42","0,44","0,44","+0,00","0,00"
"2013-05-28","0,44","0,41","0,44","0,41","-6,82","0,01"
"2013-05-29","0,41","0,41","0,43","0,43","+4,88","0,01"
"2013-05-31","0,42","0,42","0,43","0,43","+0,00","0,00"
"2013-06-03","0,43","0,42","0,43","0,43","+0,00","0,00"
"2013-06-04","0,43","0,42","0,43","0,43","+0,00","0,02"
"2013-06-05","0,43","0,42","0,44","0,44","+2,33","0,00"
"2013-06-06","0,43","0,43","0,44","0,44","+0,00","0,01"
"2013-06-07","0,44","0,43","0,44","0,44","+0,00","0,01"
"2013-06-10","0,44","0,44","0,44","0,44","+0,00","0,00"
"2013-06-11","0,44","0,44","0,44","0,44","+0,00","0,00"
"2013-06-12","0,44","0,44","0,47","0,47","+6,82","0,11"
"2013-06-13","0,47","0,46","0,56","0,56","+19,15","0,17"
"2013-06-14","0,56","0,54","0,56","0,56","+0,00","0,06"
"2013-06-17","0,55","0,54","0,58","0,55","-1,79","0,10"
"2013-06-18","0,56","0,52","0,56","0,54","-1,82","0,01"
"2013-06-19","0,53","0,50","0,53","0,51","-5,56","0,04"
"2013-06-20","0,50","0,49","0,51","0,51","+0,00","0,02"
"2013-06-21","0,50","0,47","0,51","0,48","-5,88","0,01"
"2013-06-24","0,46","0,46","0,48","0,48","+0,00","0,00"
"2013-06-25","0,48","0,48","0,48","0,48","+0,00","0,00"
"2013-06-26","0,48","0,48","0,48","0,48","+0,00","0,00"
"2013-06-27","0,48","0,46","0,48","0,48","+0,00","0,00"
"2013-06-28","0,47","0,47","0,48","0,48","+0,00","0,00"
"2013-07-01","0,48","0,46","0,48","0,47","-2,08","0,00"
"2013-07-02","0,48","0,48","0,53","0,52","+10,64","0,01"
"2013-07-03","0,52","0,50","0,53","0,50","-3,85","0,00"
"2013-07-04","0,50","0,50","0,52","0,52","+4,00","0,01"
"2013-07-05","0,52","0,52","0,52","0,52","+0,00","0,00"
"2013-07-08","0,52","0,52","0,52","0,52","+0,00","0,00"
"2013-07-09","0,52","0,51","0,53","0,52","+0,00","0,02"
"2013-07-10","0,52","0,52","0,53","0,53","+1,92","0,00"
"2013-07-11","0,53","0,53","0,53","0,53","+0,00","0,00"
"2013-07-12","0,53","0,53","0,53","0,53","+0,00","0,00"
"2013-07-15","0,53","0,52","0,53","0,53","+0,00","0,02"
"2013-07-16","0,53","0,48","0,53","0,49","-7,55","0,02"
"2013-07-17","0,49","0,49","0,49","0,49","+0,00","0,01"
"2013-07-18","0,49","0,48","0,49","0,48","-2,04","0,00"
"2013-07-19","0,49","0,49","0,52","0,52","+8,33","0,01"
"2013-07-22","0,51","0,48","0,51","0,50","-3,85","0,01"
"2013-07-23","0,47","0,47","0,49","0,49","-2,00","0,00"
"2013-07-24","0,49","0,49","0,50","0,50","+0,00","0,00"
"2013-07-25","0,50","0,46","0,50","0,48","-4,00","0,01"
"2013-07-26","0,48","0,47","0,48","0,48","+0,00","0,00"
"2013-07-29","0,48","0,47","0,49","0,49","+2,08","0,00"
"2013-07-30","0,49","0,49","0,49","0,49","+0,00","0,00"
"2013-07-31","0,48","0,44","0,48","0,47","-4,08","0,04"
"2013-08-01","0,45","0,45","0,47","0,47","+0,00","0,00"
"2013-08-02","0,47","0,44","0,48","0,44","-6,38","0,01"
"2013-08-05","0,46","0,45","0,47","0,47","+6,82","0,01"
"2013-08-06","0,47","0,46","0,47","0,47","+0,00","0,00"
"2013-08-07","0,47","0,47","0,48","0,48","+2,13","0,00"
"2013-08-08","0,48","0,45","0,48","0,48","+0,00","0,01"
"2013-08-09","0,48","0,45","0,48","0,47","-2,08","0,01"
"2013-08-12","0,45","0,44","0,46","0,46","-2,13","0,01"
"2013-08-13","0,45","0,45","0,46","0,46","+0,00","0,00"
"2013-08-14","0,44","0,42","0,47","0,47","+2,17","0,02"
"2013-08-19","0,47","0,47","0,47","0,47","+0,00","0,00"
"2013-08-20","0,47","0,47","0,47","0,47","+0,00","0,00"
"2013-08-21","0,47","0,47","0,48","0,48","+2,13","0,00"
"2013-08-22","0,48","0,48","0,50","0,50","+4,17","0,01"
"2013-08-23","0,50","0,49","0,50","0,50","+0,00","0,00"
"2013-08-26","0,48","0,48","0,50","0,50","+0,00","0,00"
"2013-08-27","0,51","0,48","0,54","0,51","+2,00","0,07"
"2013-08-28","0,51","0,50","0,52","0,52","+1,96","0,01"
"2013-08-29","0,52","0,50","0,52","0,52","+0,00","0,02"
"2013-08-30","0,52","0,48","0,52","0,50","-3,85","0,02"
"2013-09-02","0,50","0,48","0,50","0,50","+0,00","0,01"
"2013-09-03","0,50","0,47","0,50","0,48","-4,00","0,02"
"2013-09-04","0,47","0,46","0,48","0,48","+0,00","0,01"
"2013-09-05","0,48","0,45","0,48","0,45","-6,25","0,02"
"2013-09-06","0,45","0,45","0,47","0,47","+4,44","0,01"
"2013-09-09","0,47","0,47","0,47","0,47","+0,00","0,00"
"2013-09-10","0,47","0,47","0,47","0,47","+0,00","0,00"
"2013-09-11","0,47","0,47","0,47","0,47","+0,00","0,00"
"2013-09-12","0,46","0,44","0,48","0,48","+0,00","0,02"
"2013-09-13","0,48","0,44","0,48","0,46","-4,17","0,01"
"2013-09-16","0,45","0,44","0,47","0,47","+2,17","0,00"
"2013-09-17","0,47","0,47","0,49","0,49","+4,26","0,02"
"2013-09-18","0,49","0,49","0,49","0,49","+0,00","0,00"
"2013-09-19","0,49","0,48","0,49","0,49","+0,00","0,00"
"2013-09-20","0,49","0,49","0,49","0,49","+0,00","0,00"
"2013-09-23","0,49","0,46","0,49","0,49","+0,00","0,01"
"2013-09-24","0,49","0,46","0,49","0,47","-4,08","0,00"
"2013-09-25","0,46","0,45","0,47","0,47","+0,00","0,00"
"2013-09-26","0,46","0,44","0,47","0,47","+0,00","0,00"
"2013-09-27","0,47","0,47","0,47","0,47","+0,00","0,00"
"2013-09-30","0,47","0,46","0,48","0,47","+0,00","0,00"
"2013-10-01","0,46","0,44","0,47","0,47","+0,00","0,01"
"2013-10-02","0,47","0,47","0,51","0,51","+8,51","0,07"
"2013-10-03","0,51","0,49","0,54","0,52","+1,96","0,04"
"2013-10-04","0,51","0,50","0,53","0,52","+0,00","0,01"
"2013-10-07","0,51","0,51","0,54","0,53","+1,92","0,06"
"2013-10-08","0,53","0,53","0,55","0,54","+1,89","0,02"
"2013-10-10","0,53","0,53","0,57","0,56","+3,70","0,02"
"2013-10-11","0,56","0,53","0,56","0,54","-3,57","0,01"
"2013-10-14","0,54","0,54","0,57","0,57","+5,56","0,01"
"2013-10-15","0,56","0,54","0,57","0,56","-1,75","0,01"
"2013-10-16","0,55","0,54","0,56","0,54","-3,57","0,00"
"2013-10-17","0,54","0,54","0,54","0,54","+0,00","0,00"
"2013-10-18","0,54","0,54","0,55","0,55","+1,85","0,00"
"2013-10-21","0,55","0,54","0,56","0,54","-1,82","0,01"
"2013-10-22","0,54","0,54","0,56","0,56","+3,70","0,00"
"2013-10-23","0,55","0,55","0,55","0,55","-1,79","0,00"
"2013-10-24","0,56","0,54","0,56","0,56","+1,82","0,00"
"2013-10-25","0,56","0,54","0,56","0,56","+0,00","0,00"
"2013-10-28","0,56","0,55","0,56","0,56","+0,00","0,00"
"2013-10-29","0,56","0,56","0,57","0,57","+1,79","0,04"
"2013-10-30","0,57","0,56","0,57","0,56","-1,75","0,00"
"2013-10-31","0,56","0,56","0,57","0,57","+1,79","0,02"
"2013-11-04","0,57","0,57","0,57","0,57","+0,00","0,00"
"2013-11-05","0,57","0,57","0,58","0,58","+1,75","0,01"
"2013-11-06","0,57","0,57","0,58","0,57","-1,72","0,01"
"2013-11-07","0,57","0,57","0,58","0,58","+1,75","0,00"
"2013-11-08","0,55","0,54","0,55","0,55","-5,17","0,02"